0
128
284
296
312
312
312
312
312
312
312
524
528
528
528
528
528
528
528
528
528
528
528
532
568
592
608
620
624
624
624
624
624
624
708
752
848
928
936
936
936
936
936
944
990
990
990
990
990
990
1000
1000
1010
1010
1010
1020
1020
1030
1030
1030
1030
1030
1030
1030
1030
1030
1030
1030
1030
1030
1030
1030
1030
1030
1030
1030
1030
1030
1030
1030
1030
1030
1030
1030
1030
1030
1030
1030
1030
1030
1030
1030
1030
1030
1030
1030
1030
1030
1030
1030
1030
1030
1030
1030
1040
1040
1040
1040
1040
1040
1040
1040
1040
1040
1040
1040
1040
1040
1040
1040
1040
1040
1040
1040
1040
1040
1040
1040
1070
1110
1150
1150
1150
1150
1150
1160
1248
1270
1280
1280
1280
1280
1280
1280
1280
1280
1280
1310
1330
1340
1340
1480
1510
1520
1530
1530
1530
1530
1540
1540
1540
1540
1540
1540
1550
1550
1560
1560
1560
1592
1600
1654
1654
1700
1770
1770
1850
1872
1904
1960
1960
1980
1980
1980
1980
1980
1980
1980
1980
1980
1980
1980
1980
1980
1980
1980
1980
1980
1980
1980
1980
1980
1980
1980
1980
1980
1980
1980
1980
1980
1980
1980
1980
1980
1980
1980
1980
1980
1980
1980
1980
1980
1980
1980
1980
1980
1980
1980
1980
1980
1980
1980
1980
1980
1980
1980
1980
1980
1980
1980
1980
1980
1980
1980
1980
1980
1980
1980
1980
1980
1980
1980
1980
1980
1980
1980
1980
1980
1980
1980
1980
1980
1980
1980
1980
1980
1980
1980
1980
1980
1980
1980
1980
1980
1980
1980
1980
1980
1980
1980
1980
1980
1980
1980
1980
1980
1980
1980
1980
1980
1980
1980
1980
1980
1980
1980
1980
1980
1980
1980
1980
1980
1980
1980
1980
1980
1980
1980
1980
1980
1980
1980
1980
1980
1980
1980
1980
1980
1980
1980
1980
1980
1980
1980
1980
1980
1980
1980
1980
1980
1980
1980
1980
1980
1980
2020
2020
2020
2020
2020
2020
2020
2020
2020
2020
2030
2030
2030
2040
2050
2050
2050
2050
2050
2050
2050
2050
2050
2050
2050
2060
2060
2060
2060
2070
2070
2070
2070
2070
2070
2070
2070
2080
2080
2080
2080
2080
2080
2080
2080
2080
2080
2080
2080
2080
2080
2080
2080
2080
2080
2080
2080
2080
2080
2080
2080
2080
2080
2140
2200
2200
2288
2300
2300
2300
2322
2410
2460
2460
2460
2460
2460
2460
2460
2500
2560
2560
2560
2560
2560
2560
2560
2560
2560
2560
2560
2560
2560
2560
2560
2560
2560
2560
2588
2588
2588
2588
2588
2588
2588
2588
2644
2770
2780
2872
2890
2916
2916
2916
2940
2940
2940
2940
2940
2940
2940
2940
2940
2940
2940
2940
2940
2940
2940
2940
2940
2970
2970
2970
2970
2980
3000
3000
3000
3006
3020
3020
3020
3020
3020
3020
3020
3020
3020
3020
3020
3050
3050
3050
3050
3060
3090
3100
3110
3110
3110
3110
3110
3110
3120
3140
3180
3180
3184
3184
3212
3212
3228
3260
3280
3300
3310
3330
3330
3330
3340
3400
3448
3450
3450
3470
3496
3496
3500
3540
3540
3540
3540
3540
3590
3680
3690
3690
3700
3740
3808
3840
3840
3840
3840
3840
3840
3840
3840
3840
3840
3840
3840
3840
3840
3840
3840
3840
3840
3840
3840
3840
3850
3930
3930
3930
3930
3930
3930
3930
3930
3930
3930
3930
3930
3930
3930
3930
3930
3930
3930
3930
3930
3930
3930
3930
3930
3930
3930
3930
3930
3930
3930
3930
3930
3930
3930
3930
3930
3930
3930
3930
3930
3930
3930
3930
3930
3930
3930
3936
3976
3980
3980
3990
4000
4000
4000
4000
4000
4000
4000
4000
4000
4000
4000
4000
4000
4000
4000
4000
4000
4000
4000
4011
4011
4011
4031
4031
4031
4031
4031
4031
4031
4031
4031
4031
4031
4031
4031
4031
4031
4031
4031
4060
4080
4080
4080
4080
4080
4080
4080
4091
4091
4110
4120
4160
4190
4190
4190
4190
4210
4230
4260
4264
4270
4280
4290
4430
4450
4450
4450
4450
4450
4450
4450
4450
4450
4450
4450
4450
4464
4464
4464
4510
4590
4590
4590
4590
4600
4610
4668
4668
4715
4721
4730
4820
4866
4876
4880
4898
4900
4920
4920
4920
4920
4920
4920
4920
4920
4920
4920
4920
4920
4920
4920
4920
4920
4920
4920
4920
4920
4920
4920
4920
4920
4920
4920
4920
4920
4920
4920
4920
4920
4920
4920
4950
4960
4980
4980
4990
5010
5010
5010
5020
5020
5020
5020
5020
5020
5020
5030
5030
5040
5040
5050
5050
5050
5090
5120
5120
5120
5120
5120
5120
5120
5120
5120
5120
5120
5120
5120
5180
5180
5180
5290
5340
5350
5390
5540
5570
5620
5680
5680
5680
5744
5780
5880
5890
5910
5910
5910
5910
5910
5910
5910
5910
5910
5910
5910
5910
5910
5910
5910
5910
5910
5910
5910
5910
5910
5910
5910
5910
5910
5910
5920
5950
5950
5950
5950
5960
5960
5960
5980
5980
5980
5990
5990
6010
6010
6010
6020
6020
6020
6020
6020
6020
6020
6020
6020
6020
6020
6020
6020
6020
6030
6040
6060
6090
6130
6140
6140
6250
6250
6270
6368
6368
6380
6410
6410
6430
6430
6450
6530
6540
6721
6730
6780
6910
6910
6910
6910
6940
6950
6950
6950
6950
6950
6960
6980
6980
6980
7000
7024
7040
7050
7050
7050
7050
7050
7086
7086
7094
7130
7172
7190
7240
7380
7410
7450
7450
7450
7480
7480
7500
7640
7690
7690
7690
7836
7887
7930
7940
7942
7960
7960
7960
7980
7980
8000
8021
8030
8030
8040
8080
8120
8280
8300
8300
8380
8430
8500
8520
8590
8590
8590
8590
8590
8590
8590
8590
8590
8590
8590
8770
8878
8920
8920
8930
8950
8950
8950
8960
8980
8980
9000
9000
9020
9030
9060
9070
9200
9330
9376
9420
9530
9620
9620
9620
9620
9620
9773
9950
9950
9970
10000
10000
10000
10000
10000
10000
10100
10100
10600
10600
10600
10600
10600
10600
10700
10700
10868
10900
11000
11000
11000
11000
11000
11000
11100
11100
11100
11200
11900
12000
12000
12100
12400
12400
12500
12600
12732
13100
13100
13100
13200
14500
14564
14700
15000
15000
15000
15000
15000
15000
15000
15000
15000
15000
15000
15000
15100
15100
15200
15300
16600
17000
17800
18600
18720
19000
19000
19100
19600
20000
20000
20100
20892
21100
21200
21528
21600
21700
21700
21700
21700
21700
23160
23200
24300
24728
25600
25700
26300
26600
26800
27700
28500
29500
31500
33400
34700
35400
35800
36600
38200
38200
39200
40300
40600
43500
44800
46800
47236
47300
50628
53700
59388
63200
69708
72500
84900
103520
146200
207090
