0
0
0
0
0
0
0
0
0
0
0
0
0
0
0
0
0
0
0
0
0
0
0
0
0
0
0
0
0
0
0
0
0
0
0
0
0
0
0
0
0
0
0
0
0
0
0
0
0
0
0
0
0
0
0
0
0
0
0
0
0
0
0
0
0
0
0
0
0
0
0
0
0
0
0
0
0
0
0
0
0
0
0
0
0
0
0
0
0
0
0
0
0
0
0
0
0
0
0
0
0
0
0
0
0
0
0
0
0
0
0
0
0
0
0
0
0
0
0
0
0
0
0
128
128
128
128
128
128
128
128
128
128
128
128
128
128
128
128
128
128
128
128
128
128
128
128
128
128
128
128
128
128
128
128
128
128
128
128
128
128
128
128
128
128
128
128
128
128
128
128
128
128
128
128
128
128
128
128
128
128
128
128
128
128
128
128
128
128
128
128
128
128
128
128
128
128
128
128
128
128
128
128
128
128
128
128
128
128
128
128
128
128
128
128
128
128
128
128
128
128
128
128
128
128
128
128
128
128
128
128
128
128
128
128
128
128
128
128
128
128
128
128
128
128
128
128
160
160
160
192
208
240
240
256
256
256
256
256
256
256
256
256
256
256
256
256
256
256
256
256
256
256
256
256
256
256
256
256
256
256
256
256
256
256
256
256
256
256
256
256
256
256
256
256
256
256
256
256
256
256
256
256
256
256
256
256
256
256
256
256
256
256
256
256
256
256
256
256
256
256
256
256
256
256
256
256
256
256
288
288
312
312
312
312
320
320
320
384
384
384
384
384
384
384
384
384
384
384
384
384
384
384
384
384
384
384
384
384
384
384
384
384
384
384
384
384
384
384
384
384
384
384
384
384
384
384
384
384
384
384
384
384
384
384
384
384
384
384
384
384
416
464
488
496
512
512
512
512
512
512
512
512
512
512
512
512
512
512
512
512
512
512
512
512
512
512
528
560
568
568
568
580
592
592
592
592
592
592
592
592
592
624
624
624
624
624
624
624
640
640
640
640
640
640
640
640
640
640
640
640
640
640
684
696
696
720
720
752
752
768
768
768
768
768
768
824
848
880
896
896
936
936
936
936
936
944
952
960
1000
1008
1024
1024
1024
1024
1024
1024
1064
1064
1088
1088
1128
1152
1152
1152
1192
1220
1256
1280
1280
1280
1280
1280
1280
1280
1280
1280
1280
1280
1280
1280
1280
1280
1280
1280
1280
1280
1280
1280
1280
1280
1280
1280
1280
1280
1280
1280
1280
1280
1280
1280
1280
1280
1280
1280
1280
1280
1280
1280
1280
1280
1280
1280
1280
1280
1280
1280
1280
1280
1280
1280
1280
1280
1280
1280
1280
1280
1280
1280
1280
1280
1280
1280
1280
1280
1280
1280
1280
1280
1280
1280
1280
1280
1280
1280
1280
1280
1280
1280
1280
1280
1280
1280
1280
1280
1280
1280
1280
1280
1280
1280
1280
1280
1280
1280
1280
1280
1280
1280
1280
1280
1280
1280
1280
1280
1280
1280
1280
1280
1280
1280
1280
1280
1280
1280
1280
1280
1280
1280
1280
1280
1280
1280
1280
1280
1280
1280
1280
1280
1280
1280
1280
1280
1280
1280
1280
1280
1280
1280
1280
1280
1280
1280
1280
1280
1336
1336
1336
1344
1344
1344
1344
1344
1344
1344
1344
1344
1344
1408
1408
1408
1408
1408
1408
1408
1408
1408
1408
1408
1408
1408
1408
1408
1408
1408
1408
1408
1408
1408
1408
1408
1408
1408
1408
1408
1408
1408
1408
1408
1408
1408
1408
1408
1480
1516
1532
1536
1536
1536
1536
1536
1536
1536
1536
1536
1536
1536
1536
1536
1536
1552
1568
1576
1652
1664
1664
1664
1664
1664
1664
1664
1664
1664
1664
1664
1664
1664
1676
1712
1792
1792
1792
1792
1820
1872
1872
1904
1904
1912
1920
1920
1952
1958
2016
2016
2016
2016
2016
2016
2016
2016
2016
2016
2016
2016
2016
2016
2016
2016
2016
2016
2016
2016
2016
2016
2016
2016
2016
2016
2016
2016
2016
2016
2016
2016
2016
2016
2016
2016
2016
2016
2016
2016
2016
2016
2016
2016
2016
2016
2016
2016
2016
2016
2016
2016
2016
2016
2016
2016
2016
2016
2016
2016
2016
2016
2016
2016
2016
2016
2016
2016
2016
2016
2016
2016
2016
2016
2016
2016
2016
2016
2016
2016
2016
2016
2016
2016
2016
2016
2016
2016
2016
2016
2016
2016
2016
2016
2016
2016
2016
2016
2016
2016
2016
2016
2016
2016
2016
2016
2016
2016
2016
2016
2016
2016
2016
2016
2016
2016
2016
2016
2016
2016
2016
2016
2016
2016
2016
2016
2016
2016
2016
2016
2016
2016
2016
2016
2016
2016
2016
2016
2016
2016
2016
2016
2016
2016
2016
2016
2016
2016
2016
2016
2016
2016
2016
2016
2016
2016
2016
2016
2016
2016
2016
2016
2016
2016
2016
2016
2016
2016
2016
2016
2016
2016
2016
2016
2016
2016
2016
2016
2032
2128
2144
2144
2144
2144
2144
2144
2144
2148
2176
2176
2216
2224
2224
2250
2256
2272
2272
2272
2272
2272
2288
2324
2400
2412
2432
2464
2476
2480
2528
2544
2560
2560
2560
2560
2560
2560
2560
2560
2560
2560
2560
2560
2560
2560
2586
2616
2656
2688
2688
2688
2688
2688
2768
2816
2816
2816
2816
2816
2816
2816
2880
2944
3152
3184
3296
3296
3296
3296
3296
3296
3296
3296
3296
3296
3296
3296
3296
3296
3296
3296
3296
3296
3328
3328
3392
3424
3424
3440
3552
3624
3760
3840
3884
3930
3936
3968
4063
4064
4320
4596
4702
4704
4760
4960
5136
5156
5218
5438
5706
5774
6000
6180
6320
6828
6872
7262
7484
7486
7670
7678
8210
8510
9010
9114
9368
10220
11300
11628
12040
12100
12356
12796
13196
13380
13576
13776
13924
15198
15766
15964
16328
16490
17926
18652
19112
19380
20234
24314
26656
27016
30148
40632
41456
42528
42672
48556
69198
75024
161800
205280
218000
246000
270128
311000
311000
486624
487280
492936
1400240
1410470
