0
12.8
28.4
29.6
31.2
31.2
31.2
31.2
31.2
31.2
31.2
52.4
52.8
52.8
52.8
52.8
52.8
52.8
52.8
52.8
52.8
52.8
52.8
53.2
56.8
59.2
60.8
62
62.4
62.4
62.4
62.4
62.4
62.4
70.8
75.2
84.8
92.8
93.6
93.6
93.6
93.6
93.6
94.4
99
99
99
99
99
99
100
100
101
101
101
102
102
103
103
103
103
103
103
103
103
103
103
103
103
103
103
103
103
103
103
103
103
103
103
103
103
103
103
103
103
103
103
103
103
103
103
103
103
103
103
103
103
103
103
103
103
103
103
103
104
104
104
104
104
104
104
104
104
104
104
104
104
104
104
104
104
104
104
104
104
104
104
104
107
111
115
115
115
115
115
116
124.8
127
128
128
128
128
128
128
128
128
128
131
133
134
134
148
151
152
153
153
153
153
154
154
154
154
154
154
155
155
156
156
156
159.2
160
165.4
165.4
170
177
177
185
187.2
190.4
196
196
198
198
198
198
198
198
198
198
198
198
198
198
198
198
198
198
198
198
198
198
198
198
198
198
198
198
198
198
198
198
198
198
198
198
198
198
198
198
198
198
198
198
198
198
198
198
198
198
198
198
198
198
198
198
198
198
198
198
198
198
198
198
198
198
198
198
198
198
198
198
198
198
198
198
198
198
198
198
198
198
198
198
198
198
198
198
198
198
198
198
198
198
198
198
198
198
198
198
198
198
198
198
198
198
198
198
198
198
198
198
198
198
198
198
198
198
198
198
198
198
198
198
198
198
198
198
198
198
198
198
198
198
198
198
198
198
198
198
198
198
198
198
198
198
198
198
198
198
198
198
198
198
198
198
202
202
202
202
202
202
202
202
202
202
203
203
203
204
205
205
205
205
205
205
205
205
205
205
205
206
206
206
206
207
207
207
207
207
207
207
207
208
208
208
208
208
208
208
208
208
208
208
208
208
208
208
208
208
208
208
208
208
208
208
208
208
208
214
220
220
228.8
230
230
230
232.2
241
246
246
246
246
246
246
246
250
256
256
256
256
256
256
256
256
256
256
256
256
256
256
256
256
256
256
258.8
258.8
258.8
258.8
258.8
258.8
258.8
258.8
264.4
277
278
287.2
289
291.6
291.6
291.6
294
294
294
294
294
294
294
294
294
294
294
294
294
294
294
294
294
297
297
297
297
298
300
300
300
300.6
302
302
302
302
302
302
302
302
302
302
302
305
305
305
305
306
309
310
311
311
311
311
311
311
312
314
318
318
318.4
318.4
321.2
321.2
322.8
326
328
330
331
333
333
333
334
340
344.8
345
345
347
349.6
349.6
350
354
354
354
354
354
359
368
369
369
370
374
380.8
384
384
384
384
384
384
384
384
384
384
384
384
384
384
384
384
384
384
384
384
384
385
393
393
393
393
393
393
393
393
393
393
393
393
393
393
393
393
393
393
393
393
393
393
393
393
393
393
393
393
393
393
393
393
393
393
393
393
393
393
393
393
393
393
393
393
393
393
393.6
397.6
398
398
399
400
400
400
400
400
400
400
400
400
400
400
400
400
400
400
400
400
400
400
401.1
401.1
401.1
403.1
403.1
403.1
403.1
403.1
403.1
403.1
403.1
403.1
403.1
403.1
403.1
403.1
403.1
403.1
403.1
403.1
406
408
408
408
408
408
408
408
409.1
409.1
411
412
416
419
419
419
419
421
423
426
426.4
427
428
429
443
445
445
445
445
445
445
445
445
445
445
445
445
446.4
446.4
446.4
451
459
459
459
459
460
461
466.8
466.8
471.5
472.1
473
482
486.6
487.6
488
489.8
490
492
492
492
492
492
492
492
492
492
492
492
492
492
492
492
492
492
492
492
492
492
492
492
492
492
492
492
492
492
492
492
492
492
492
495
496
498
498
499
501
501
501
502
502
502
502
502
502
502
503
503
504
504
505
505
505
509
512
512
512
512
512
512
512
512
512
512
512
512
512
518
518
518
529
534
535
539
554
557
562
568
568
568
574.4
578
588
589
591
591
591
591
591
591
591
591
591
591
591
591
591
591
591
591
591
591
591
591
591
591
591
591
591
591
592
595
595
595
595
596
596
596
598
598
598
599
599
601
601
601
602
602
602
602
602
602
602
602
602
602
602
602
602
602
603
604
606
609
613
614
614
625
625
627
636.8
636.8
638
641
641
643
643
645
653
654
672.1
673
678
691
691
691
691
694
695
695
695
695
695
696
698
698
698
700
702.4
704
705
705
705
705
705
708.6
708.6
709.4
713
717.2
719
724
738
741
745
745
745
748
748
750
764
769
769
769
783.6
788.7
793
794
794.2
796
796
796
798
798
800
802.1
803
803
804
808
812
828
830
830
838
843
850
852
859
859
859
859
859
859
859
859
859
859
859
877
887.8
892
892
893
895
895
895
896
898
898
900
900
902
903
906
907
920
933
937.6
942
953
962
962
962
962
962
977.3
995
995
997
1000
1000
1000
1000
1000
1000
1010
1010
1060
1060
1060
1060
1060
1060
1070
1070
1086.8
1090
1100
1100
1100
1100
1100
1100
1110
1110
1110
1120
1190
1200
1200
1210
1240
1240
1250
1260
1273.2
1310
1310
1310
1320
1450
1456.4
1470
1500
1500
1500
1500
1500
1500
1500
1500
1500
1500
1500
1500
1510
1510
1520
1530
1660
1700
1780
1860
1872
1900
1900
1910
1960
2000
2000
2010
2089.2
2110
2120
2152.8
2160
2170
2170
2170
2170
2170
2316
2320
2430
2472.8
2560
2570
2630
2660
2680
2770
2850
2950
3150
3340
3470
3540
3580
3660
3820
3820
3920
4030
4060
4350
4480
4680
4723.6
4730
5062.8
5370
5938.8
6320
6970.8
7250
8490
10352
14620
20709
